18
30
22
29
3
28
33
24
14
11
12
22
24
22
11
22
22
24
24
32
22
17
22
13
24
24
11
22
8
24
18
22
35
24
13
24
32
22
29
22
35
24
17
32
24
24
24
22
29
12
19
22
22
24
35
24
11
24
22
24
32
22
20
22
22
22
32
31
35
24
22
24
13
19
22
32
15
29
24
22
11
24
29
17
30
22
29
3
28
22
26
37
11
37
24
24
17
16
19
32
22
22
22
22
32
20
22
22
12
12
22
35
32
32
24
11
33
11
22
35
22
20
17
17
32
22
32
17
24
20
22
22
13
35
17
32
22
11
22
24
6
24
8
24
35
22
24
23
11
19
22
22
23
35
32
13
25
22
24
32
29
14
17
17
17
13
17
19
11
24
35
8
24
6
29
24
22
32
19
13
22
32
19
22
22
22
34
11
24
32
24
35
17
22
32
32
21
22
23
13
11
35
22
24
32
16
24
17
17
22
17
13
5
22
8
24
29
24
6
13
22
11
22
17
11
24
22
10
32
11
22
22
13
24
35
24
20
22
36
35
22
24
32
13
2
22
32
22
32
22
22
22
20
35
24
17
17
24
22
24
13
32
24
13
17
23
22
29
7
17
24
13
30
24
13
22
35
22
22
8
8
24
19
6
24
22
22
22
17
35
24
32
22
19
22
35
32
11
11
24
24
22
22
24
32
17
2
25
22
20
24
23
11
17
10
19
26
35
32
29
11
24
17
24
32
22
22
32
24
24
22
17
24
13
22
8
24
16
29
24
32
22
13
17
24
17
22
24
32
20
13
17
32
22
18
11
24
8
24
20
22
22
24
24
13
35
24
29
17
19
24
22
29
24
4
32
24
17
22
32
19
10
32
24
22
17
35
32
8
24
29
32
24
17
17
13
13
32
7
22
19
10
18
32
35
17
13
24
17
24
17
20
22
24
17
12
13
32
11
32
17
24
16
24
22
17
11
22
24
22
18
32
19
22
22
22
13
11
35
24
25
23
17
22
26
10
27
22
24
35
35
11
24
19
10
24
13
22
35
11
24
17
32
22
24
22
17
22
35
13
24
11
32
29
13
17
24
18
32
32
10
22
17
35
24
29
8
24
19
22
9
26
13
35
13
24
33
22
13
32
19
22
12
35
12
23
17
